
 Total Time: 9.481086 sec 
 0
 200.000000 250.000000 70.000000 
 0.000000 33.000000 -50.000000 
 Total Time: 18.681868 sec 
 1
 -116.506371 298.205078 70.000000 
 -28.578840 16.499998 -50.000000 
 Total Time: 27.331377 sec 
 2
 -316.506348 48.205063 70.000000 
 -28.578838 -16.500002 -50.000000 
 Total Time: 35.295654 sec 
 3
 -199.999985 -250.000015 70.000000 
 0.000003 -33.000000 -50.000000 
 Total Time: 42.887661 sec 
 4
 116.506378 -298.205078 70.000000 
 28.578840 -16.499996 -50.000000 
 Total Time: 51.732006 sec 
 5
 316.506378 -48.204956 70.000000 
 28.578833 16.500011 -50.000000 